13648026
13648026
13648026
13648026
13648026
13648026
13648026
13648026
13648026
18960072
18960072
19814152
19814152
19813950
19813950
18953938
18953938
18953938
18953938
15245556
15245556
15245556
15245556
15245556
13648004
13648004
13648004
13648004
21416020
21416020
13009182
13009182
13009182
13009182
13009182
13009182
13009182
13009182
15313782
15313782
15313782
15313782
15313782
15313782
20216136
20216136
20216136
20216136
20216136
8910957
8910957
8910957
8910957
13279684
13279684
13279684
13279684
13279684
13279684
13279684
13279684
13279684
13279684
13279684
18960052
18960052
18960052
18960052
18960052
17317976
17317976
17317976
17317976
17317976
17317976
13467924
13467924
13467924
13467924
13467924
13467924
13467924
13467924
15245312
15245312
20134788
20134788
20134788
20134788
20134788
14473636
14473636
14473636
19684654
19684654
19684654
7272196
7272196
7272196
7272196
19590592
19590592
19590592
19590592
13000206
13000206
13000206
13000206
13000206
13000206
13000206
13000206
13000206
10336755
10336755
10336755
10336755
18960202
18960202
18960202
18960202
18960202
12182212
12182212
12182212
12182212
12182212
16550674
16550674
16550674
16550674
16550674
20449462
20449462
20449462
20449462
20449462
20449462
20449462
16190302
16190302
16190302
16190302
16190302
16190302
16190302
16190302
16190302
18953928
18953928
18953928
19524084
19524084
19524084
19524084
19524084
15314164
15314164
15314164
15314164
15314164
15314164
15314164
15314164
15314164
15314164
11132172
11132172
11132172
11132172
11132172
19524250
19524250
19524250
19524250
19524250
19524428
19524428
19524428
19524428
19524428
17726304
17726304
17726304
18372502
18372502
18372502
18372502
20223506
20223506
20223506
20223506
20223506
20223506
20223506
19524194
19524194
19524194
19524194
19524194
18291348
18291348
18291348
18291348
18372514
18372514
17357430
17357430
17357430
17357430
9264251
9264251
9264251
9264251
9264251
9264251
9264251
9264251
9264251
22268892
22268892
16550702
17875740
12182202
12182202
12182202
12182202
13290076
13290076
13290076
13290076
13290076
14473682
14473682
14473682
14473682
